A = [1 2;3 4]
A(2,2)

B = [12 4 3 64 2 7]
B([2,3])
B([2;3])